           3          30          32          26
           4          32          36          29
           5          36          42          34
           6          42          48          39
           7          48          57          46
           8          57          62          50
           9          62          70          56
          10          70          80          64
          11          80          90          72
          12          90         107          86
          13         107         123          99
          14         123         141         113
          15         141         170         136
          16         170         197         158
          17         197         228         183
          18         228         268         215
          19         268         311         249
          20         311         356         285
          21         356         395         316
          22         395         456         365
          23         456         511         409
          24         511         567         454
          25         567         623         499
          26         623         672         538
          27         672         740         592
          28         740         793         635
          29         793         868         695
          30         868         923         739
          31         923         957         766
          32         957        1023         819
          33        1023        1093         875
          34        1093        1127         902
          35        1127        1157         926
          36        1157        1266        1013
          38        1266        1287        1030
          39        1287        1297        1038
          40        1297        1342        1074
          42        1342        1371        1097
          43        1371        1406        1125
          44        1406        1438        1151
          45        1438        1472        1178
          47        1472        1541        1233
          52        1541        1556        1245
          55        1556        1615        1292
          59        1615        1635        1308
          62        1635        1646        1317
          63        1646        1668        1335
          68        1668        1675        1340
          69        1675        1688        1351
          70        1688        1700        1360
          88        1700        1716        1373
          91        1716        1732        1386
          95        1732        1753        1403
          96        1753        1777        1422
         103        1777        1783        1427
         110        1783        1785        1428
         119        1785        1786        1429
         121        1786        1791        1433
         150        1791        1792        1434
         151        1792        1855        1484
        1421        1855        1888        1511
        2626        1888        1891        1513
        7686        1891        1896        1517
        8136        1896        1903        1523
       12928        1903        1910        1528
       14043        1910        1918        1535
